 &hin           idrun=0, 
 beta=0.3,            gamma=1.66666667,  vpert=0.0003,

 q1in=-31.1,       r1in=3.5,              s1in=0.,
 q2in= 31.1,       r2in=32.1,             s2in=6.283185307179586,
 ri1in=3.,        rj1in=3.,            rk1in=3.,
 ri2in=-3.,       rj2in=-3.,           rk2in=-2.,

 nsp=1,
 ialign=1,

 cisp="Protons            $",
 dennsp=0.078, 
 npsp=1000000, 
 qnsp=1.,
 tratsp=1.,
 vthplsp=2.8,
 wnsp=1.                         /

